llk_weight-500.0--nu-1-Q-30-epoch-1000000-lr-0.0100-freqscale=40-logdet-1beta-200
err_mean: 0.0229, err_std: 0.0000, used_time: 7033.7558, avg_time: 7033.7558, avg_epochs 1000000 
err_list: [Array(0.02293566, dtype=float64)]


llk_weight-200.0--nu-1-Q-30-epoch-1000000-lr-0.0100-freqscale=40-logdet-1-x-2pi-beta-200
err_mean: 1.0000, err_std: 0.0000, used_time: 712.1833, avg_time: 712.1833, avg_epochs 100000 
err_list: [Array(0.99996343, dtype=float64)]


