llk_weight-200.0--nu-1-Q-30-epoch-1000000-lr-0.0100-freqscale=30-logdet-1
err_mean: 0.0015, err_std: 0.0000, used_time: 3023.7149, avg_time: 3023.7149, avg_epochs 1000000 
err_list: [DeviceArray(0.00153393, dtype=float64)]


llk_weight-200.0--nu-1-Q-30-epoch-1000000-lr-0.0100-freqscale=30-logdet-1-x-2pi
err_mean: 1.0000, err_std: 0.0000, used_time: 2811.5476, avg_time: 2811.5476, avg_epochs 1000000 
err_list: [DeviceArray(0.99998944, dtype=float64)]


