llk_weight-200.0--nu-1-Q-30-epoch-1000000-lr-0.0100-freqscale=30-logdet-1
err_mean: 0.0000, err_std: 0.0000, used_time: 1976.3676, avg_time: 1976.3676, avg_epochs 250000 
err_list: [DeviceArray(1.08224617e-06, dtype=float64)]


llk_weight-200.0--nu-1-Q-30-epoch-1000000-lr-0.0100-freqscale=30-logdet-1-x-2pi
err_mean: 0.0002, err_std: 0.0000, used_time: 6851.5545, avg_time: 6851.5545, avg_epochs 1000000 
err_list: [DeviceArray(0.00020759, dtype=float64)]


