llk_weight-200.0--nu-1-Q-30-epoch-1000000-lr-0.0100-freqscale=30-logdet-1
err_mean: 0.0003, err_std: 0.0000, used_time: 3023.3140, avg_time: 3023.3140, avg_epochs 1000000 
err_list: [DeviceArray(0.00026838, dtype=float64)]


llk_weight-200.0--nu-1-Q-30-epoch-1000000-lr-0.0100-freqscale=30-logdet-1-x-2pi
err_mean: 0.8647, err_std: 0.0000, used_time: 2951.4378, avg_time: 2951.4378, avg_epochs 1000000 
err_list: [DeviceArray(0.86466949, dtype=float64)]


llk_weight-200.0--nu-1-Q-30-epoch-1000000-lr-0.0100-freqscale=30-logdet-1-x-2pi-Ncol-200
err_mean: 0.8647, err_std: 0.0000, used_time: 2246.2206, avg_time: 2246.2206, avg_epochs 1000000 
err_list: [Array(0.86472456, dtype=float64)]


