llk_weight-200.0--nu-1-Q-30-epoch-1000-lr-0.0100-freqscale=30-logdet-1
err_mean: 0.9890, err_std: 0.0000, used_time: 22.2708, avg_time: 11.1354, avg_epochs 1000 
err_list: [DeviceArray(0.98904217, dtype=float64), DeviceArray(0.98904217, dtype=float64)]
llk_weight-200.0--nu-1-Q-30-epoch-1000-lr-0.0100-freqscale=30-logdet-1
err_mean: 0.9890, err_std: 0.0000, used_time: 22.1480, avg_time: 11.0740, avg_epochs 1000 
err_list: [DeviceArray(0.98904217, dtype=float64), DeviceArray(0.98904217, dtype=float64)]


