llk_weight-1000.0--nu-1-Q-30-epoch-100000-lr-0.0010-freqscale=50-logdet-1-x-2pi
err_mean: 0.8899, err_std: 0.0000, used_time: 598.1324, avg_time: 598.1324, avg_epochs 100000 
err_list: [Array(0.88989094, dtype=float64)]


llk_weight-1000.0--nu-1-Q-30-epoch-100000-lr-0.0100-freqscale=50-logdet-1-x-2pi-Ncol-300
err_mean: 0.5895, err_std: 0.0000, used_time: 1087.3307, avg_time: 1087.3307, avg_epochs 100000 
err_list: [Array(0.58954077, dtype=float64)]


llk_weight-200.0--nu-1-Q-30-epoch-100000-lr-0.0100-freqscale=50-logdet-1-x-2pi-Ncol-900
err_mean: 0.0000, err_std: 0.0000, used_time: 7450.9324, avg_time: 7450.9324, avg_epochs 100000 
err_list: [Array(8.9758599e-07, dtype=float64)]


llk_weight-200.0--nu-1-Q-30-epoch-100000-lr-0.0100-freqscale=50-logdet-1-x-2pi-Ncol-400
err_mean: 0.0040, err_std: 0.0000, used_time: 1665.8245, avg_time: 1665.8245, avg_epochs 100000 
err_list: [Array(0.00397404, dtype=float64)]


