llk_weight-200.0--nu-1-Q-30-epoch-10000-lr-0.0100-freqscale=90-logdet-1extra_GP_change_point_0.3x_scale_2pi
err_mean: 0.7202, err_std: 0.0000, used_time: 55.4356, avg_time: 55.4356, avg_epochs 10000 
err_list: [Array(0.72018821, dtype=float64)]


llk_weight-200.0--nu-1-Q-30-epoch-10000-lr-0.0100-freqscale=90-logdet-1extra_GP_change_point_0.3x_scale_2pi
err_mean: 0.9832, err_std: 0.0000, used_time: 743.4763, avg_time: 743.4763, avg_epochs 10000 
err_list: [Array(0.98321749, dtype=float64)]


