llk_weight-200.0--nu-1-Q-30-epoch-1000000-lr-0.0100-freqscale=30-logdet-1
err_mean: 1.0002, err_std: 0.0000, used_time: 2376.1069, avg_time: 2376.1069, avg_epochs 400000 
err_list: [DeviceArray(1.00016957, dtype=float64)]


llk_weight-200.0--nu-1-Q-30-epoch-1000000-lr-0.0100-freqscale=100-logdet-1
err_mean: 0.0484, err_std: 0.0000, used_time: 5924.2362, avg_time: 5924.2362, avg_epochs 1000000 
err_list: [DeviceArray(0.04841881, dtype=float64)]


