llk_weight-100.0--nu-1-Q-30-epoch-100000-lr-0.0100-freqscale=30-logdet-1
err_mean: 0.3901, err_std: 0.0000, used_time: 1376.3961, avg_time: 688.1981, avg_epochs 100000 
err_list: [DeviceArray(0.39010894, dtype=float64), DeviceArray(0.39010894, dtype=float64)]


llk_weight-200.0--nu-1-Q-30-epoch-100000-lr-0.0100-freqscale=100-logdet-1-x-2pi-Ncol-400
err_mean: 0.9998, err_std: 0.0000, used_time: 1665.1928, avg_time: 1665.1928, avg_epochs 100000 
err_list: [Array(0.99976951, dtype=float64)]


