llk_weight-1000.0--nu-1-Q-30-epoch-100000-lr-0.0010-freqscale=30-logdet-1-x-2pi
err_mean: 0.9984, err_std: 0.0000, used_time: 598.6063, avg_time: 598.6063, avg_epochs 100000 
err_list: [Array(0.99835057, dtype=float64)]


llk_weight-200.0--nu-1-Q-30-epoch-100000-lr-0.0100-freqscale=20-logdet-1-x-2pi-Ncol-400
err_mean: 0.9921, err_std: 0.0000, used_time: 1662.1237, avg_time: 1662.1237, avg_epochs 100000 
err_list: [Array(0.9921017, dtype=float64)]


