llk_weight-200.0--nu-1-Q-30-epoch-100000-lr-0.0100-freqscale=30-logdet-1-x-2pi-Ncol-900
err_mean: 0.9725, err_std: 0.0000, used_time: 2020.1592, avg_time: 2020.1592, avg_epochs 100000 
err_list: [Array(0.97254869, dtype=float64)]


llk_weight-200.0--nu-1-Q-30-epoch-100000-lr-0.0100-freqscale=20-logdet-1-x-2pi-Ncol-400
err_mean: 0.9852, err_std: 0.0000, used_time: 516.8241, avg_time: 516.8241, avg_epochs 100000 
err_list: [Array(0.98520753, dtype=float64)]


