llk_weight-500.0--nu-1-Q-30-epoch-1000000-lr-0.0100-freqscale=40-logdet-1beta-200
err_mean: 0.0115, err_std: 0.0000, used_time: 6310.8177, avg_time: 6310.8177, avg_epochs 1000000 
err_list: [Array(0.01145621, dtype=float64)]


llk_weight-200.0--nu-1-Q-30-epoch-1000000-lr-0.0100-freqscale=40-logdet-1-x-2pi-beta-200
err_mean: 1.0000, err_std: 0.0000, used_time: 6835.8104, avg_time: 6835.8104, avg_epochs 1000000 
err_list: [Array(0.99998986, dtype=float64)]


