llk_weight-200.0--nu-1-Q-30-epoch-100000-lr-0.0100-freqscale=50-logdet-1-x-2pi-Ncol-900
err_mean: 0.3196, err_std: 0.0000, used_time: 2206.0132, avg_time: 2206.0132, avg_epochs 100000 
err_list: [Array(0.31957004, dtype=float64)]


llk_weight-200.0--nu-1-Q-30-epoch-100000-lr-0.0100-freqscale=50-logdet-1-x-2pi-Ncol-400
err_mean: 0.7663, err_std: 0.0000, used_time: 561.1483, avg_time: 561.1483, avg_epochs 100000 
err_list: [Array(0.76630761, dtype=float64)]


