llk_weight-200.0--nu-1-Q-30-epoch-1000000-lr-0.0100-freqscale=30-logdet-1
err_mean: 0.0000, err_std: 0.0000, used_time: 1085.1952, avg_time: 1085.1952, avg_epochs 200000 
err_list: [DeviceArray(7.41185568e-07, dtype=float64)]


llk_weight-200.0--nu-1-Q-30-epoch-1000000-lr-0.0100-freqscale=30-logdet-1-x-2pi
err_mean: 0.0000, err_std: 0.0000, used_time: 5930.4522, avg_time: 5930.4522, avg_epochs 1000000 
err_list: [DeviceArray(5.13340572e-06, dtype=float64)]


