llk_weight-200.0--nu-1-Q-30-epoch-10000-lr-0.0100-freqscale=30-logdet-1-x-2pi
err_mean: 0.9986, err_std: 0.0000, used_time: 59.2142, avg_time: 59.2142, avg_epochs 4000 
err_list: [Array(0.99856174, dtype=float64)]


llk_weight-200.0--nu-1-Q-30-epoch-10000-lr-0.0100-freqscale=30-logdet-1-x-2pi
err_mean: 0.9986, err_std: 0.0000, used_time: 141.1553, avg_time: 141.1553, avg_epochs 10000 
err_list: [Array(0.99856174, dtype=float64)]


