llk_weight-200.0--nu-1-Q-30-epoch-1000000-lr-0.0100-freqscale=30-logdet-1
err_mean: 0.0000, err_std: 0.0000, used_time: 274.2414, avg_time: 274.2414, avg_epochs 50000 
err_list: [DeviceArray(1.87785764e-06, dtype=float64)]


llk_weight-200.0--nu-1-Q-30-epoch-1000000-lr-0.0100-freqscale=30-logdet-1-x-2pi
err_mean: 0.9057, err_std: 0.0000, used_time: 5945.7429, avg_time: 5945.7429, avg_epochs 1000000 
err_list: [DeviceArray(0.90565298, dtype=float64)]


