llk_weight-500.0--nu-1-Q-30-epoch-100000-lr-0.0100-freqscale=20-logdet-1extra_GP-x-2pi-Ncol-900
err_mean: 0.9711, err_std: 0.0000, used_time: 4692.6172, avg_time: 4692.6172, avg_epochs 75000 
err_list: [DeviceArray(0.97110052, dtype=float64)]


llk_weight-200.0--nu-1-Q-30-epoch-100000-lr-0.0100-freqscale=20-logdet-1extra_GP-x-2pichange_point-0.1-Ncol-900
err_mean: 0.0359, err_std: 0.0000, used_time: 5966.4841, avg_time: 5966.4841, avg_epochs 100000 
err_list: [Array(0.03590589, dtype=float64)]


llk_weight-200.0--nu-1-Q-30-epoch-100000-lr-0.0100-freqscale=20-logdet-1extra_GP-x-2pichange_point-0.1-Ncol-400
err_mean: 0.0131, err_std: 0.0000, used_time: 1206.9102, avg_time: 1206.9102, avg_epochs 100000 
err_list: [Array(0.01305456, dtype=float64)]


