llk_weight-200.0--nu-1-Q-30-epoch-500000-lr-0.0100-freqscale=20-logdet-1-x-2pi-Ncol-300multi-reso-test
err_mean: 0.0000, err_std: 0.0000, used_time: 5544.9332, avg_time: 5544.9332, avg_epochs 500000 
err_list: [Array(4.89402614e-06, dtype=float64)]


llk_weight-200.0--nu-1-Q-30-epoch-500000-lr-0.0100-freqscale=20-logdet-1-x-2pi-Ncol-200multi-reso-test
err_mean: 0.8951, err_std: 0.0000, used_time: 3410.0963, avg_time: 3410.0963, avg_epochs 500000 
err_list: [Array(0.89506987, dtype=float64)]


llk_weight-200.0--nu-1-Q-30-epoch-500000-lr-0.0100-freqscale=20-logdet-1-x-2pi-Ncol-100multi-reso-test
err_mean: 0.9131, err_std: 0.0000, used_time: 1698.6314, avg_time: 1698.6314, avg_epochs 500000 
err_list: [Array(0.9130625, dtype=float64)]


