llk_weight-200.0--nu-1-Q-30-epoch-100000-lr-0.0100-freqscale=50-logdet-1-x-2pi-Ncol-900
err_mean: 0.0000, err_std: 0.0000, used_time: 6042.8102, avg_time: 6042.8102, avg_epochs 100000 
err_list: [Array(1.55342896e-06, dtype=float64)]


llk_weight-200.0--nu-1-Q-30-epoch-100000-lr-0.0100-freqscale=50-logdet-1-x-2pi-Ncol-400
err_mean: 0.8889, err_std: 0.0000, used_time: 1332.2421, avg_time: 1332.2421, avg_epochs 100000 
err_list: [Array(0.8888854, dtype=float64)]


