llk_weight-200.0--nu-1-Q-30-epoch-1000000-lr-0.0100-freqscale=30-logdet-1
err_mean: 0.0000, err_std: 0.0000, used_time: 793.9814, avg_time: 793.9814, avg_epochs 100000 
err_list: [DeviceArray(1.66704882e-06, dtype=float64)]


llk_weight-200.0--nu-1-Q-30-epoch-1000000-lr-0.0100-freqscale=30-logdet-1-x-2pi
err_mean: 0.0001, err_std: 0.0000, used_time: 6854.9994, avg_time: 6854.9994, avg_epochs 1000000 
err_list: [DeviceArray(5.85333182e-05, dtype=float64)]


