llk_weight-200.0--nu-1-Q-30-epoch-500000-lr-0.0100-freqscale=20-logdet-1-x-2pi-Ncol-300multi-reso-test
err_mean: 0.0000, err_std: 0.0000, used_time: 4546.7617, avg_time: 4546.7617, avg_epochs 500000 
err_list: [Array(3.88861686e-06, dtype=float64)]


llk_weight-200.0--nu-1-Q-30-epoch-500000-lr-0.0100-freqscale=20-logdet-1-x-2pi-Ncol-200multi-reso-test
err_mean: 0.8760, err_std: 0.0000, used_time: 3095.8004, avg_time: 3095.8004, avg_epochs 500000 
err_list: [Array(0.87596766, dtype=float64)]


llk_weight-200.0--nu-1-Q-30-epoch-500000-lr-0.0100-freqscale=20-logdet-1-x-2pi-Ncol-100multi-reso-test
err_mean: 0.9127, err_std: 0.0000, used_time: 1462.7036, avg_time: 1462.7036, avg_epochs 500000 
err_list: [Array(0.91271798, dtype=float64)]


