llk_weight-200.0--nu-1-Q-30-epoch-1000-lr-0.0100-freqscale=30-logdet-1
err_mean: 0.9919, err_std: 0.0000, used_time: 17.5752, avg_time: 8.7876, avg_epochs 1000 
err_list: [DeviceArray(0.99193679, dtype=float64), DeviceArray(0.99193679, dtype=float64)]
