llk_weight-200.0--nu-1-Q-30-epoch-1000000-lr-0.0100-freqscale=30-logdet-1
err_mean: 0.1388, err_std: 0.0000, used_time: 6845.0846, avg_time: 6845.0846, avg_epochs 1000000 
err_list: [DeviceArray(0.13876389, dtype=float64)]


llk_weight-200.0--nu-1-Q-30-epoch-1000000-lr-0.0100-freqscale=100-logdet-1
err_mean: 0.0121, err_std: 0.0000, used_time: 4793.7153, avg_time: 4793.7153, avg_epochs 700000 
err_list: [DeviceArray(0.01213977, dtype=float64)]


