llk_weight-200.0--nu-1-Q-30-epoch-100000-lr-0.0100-freqscale=30-logdet-1-x-2pi-Ncol-900
err_mean: 0.9895, err_std: 0.0000, used_time: 22140.4784, avg_time: 22140.4784, avg_epochs 100000 
err_list: [Array(0.98948411, dtype=float64)]


llk_weight-200.0--nu-1-Q-30-epoch-100000-lr-0.0100-freqscale=20-logdet-1-x-2pi-Ncol-400
err_mean: 0.9894, err_std: 0.0000, used_time: 697.2894, avg_time: 697.2894, avg_epochs 100000 
err_list: [Array(0.98944996, dtype=float64)]


